12 
-0.333333 0.666667 0.750000 0.666667 -0.416667 0.583333 -0.333333 -0.333333 -0.583333 -0.166667 -0.250000 -0.250000 
0.666667 -0.333333 0.750000 0.666667 -0.416667 -0.416667 -0.333333 -0.333333 0.416667 -0.166667 -0.250000 -0.250000 
0.750000 0.750000 -0.187500 0.750000 -0.312500 -0.312500 -0.250000 -0.250000 -0.437500 -0.125000 -0.187500 -0.187500 
0.666667 0.666667 0.750000 -0.333333 -0.416667 -0.416667 -0.333333 -0.333333 0.416667 -0.166667 -0.250000 -0.250000 
-0.416667 -0.416667 -0.312500 -0.416667 -0.520833 0.479167 0.583333 0.583333 0.270833 -0.208333 0.687500 -0.312500 
0.583333 -0.416667 -0.312500 -0.416667 0.479167 -0.520833 0.583333 0.583333 0.270833 -0.208333 -0.312500 -0.312500 
-0.333333 -0.333333 -0.250000 -0.333333 0.583333 0.583333 -0.333333 0.666667 0.416667 -0.166667 -0.250000 -0.250000 
-0.333333 -0.333333 -0.250000 -0.333333 0.583333 0.583333 0.666667 -0.333333 0.416667 -0.166667 -0.250000 -0.250000 
-0.583333 0.416667 -0.437500 0.416667 0.270833 0.270833 0.416667 0.416667 -1.020833 -0.291667 -0.437500 0.562500 
-0.166667 -0.166667 -0.125000 -0.166667 -0.208333 -0.208333 -0.166667 -0.166667 -0.291667 -0.083333 0.875000 0.875000 
-0.250000 -0.250000 -0.187500 -0.250000 0.687500 -0.312500 -0.250000 -0.250000 -0.437500 0.875000 -0.187500 0.812500 
-0.250000 -0.250000 -0.187500 -0.250000 -0.312500 -0.312500 -0.250000 -0.250000 0.562500 0.875000 0.812500 -0.187500 