8 
-2.083333 0.479167 0.583333 0.583333 0.270833 -0.208333 0.687500 -0.312500 
0.479167 -1.083333 0.583333 0.583333 0.270833 -0.208333 -0.312500 -0.312500 
0.583333 0.583333 -1.583333 0.666667 0.416667 -0.166667 -0.250000 -0.250000 
0.583333 0.583333 0.666667 -1.583333 0.416667 -0.166667 -0.250000 -0.250000 
0.270833 0.270833 0.416667 0.416667 -1.208333 -0.291667 -0.437500 0.562500 
-0.208333 -0.208333 -0.166667 -0.166667 -0.291667 -0.708333 0.875000 0.875000 
0.687500 -0.312500 -0.250000 -0.250000 -0.437500 0.875000 -1.125000 0.812500 
-0.312500 -0.312500 -0.250000 -0.250000 0.562500 0.875000 0.812500 -1.125000 