12 
-0.236842 0.763158 0.763158 0.763158 -0.315789 -0.315789 -0.315789 -0.315789 -0.315789 -0.157895 -0.157895 -0.157895 
0.763158 -0.236842 0.763158 0.763158 -0.315789 -0.315789 -0.315789 -0.315789 -0.315789 -0.157895 -0.157895 -0.157895 
0.763158 0.763158 -0.236842 0.763158 -0.315789 -0.315789 -0.315789 -0.315789 -0.315789 -0.157895 -0.157895 -0.157895 
0.763158 0.763158 0.763158 -0.236842 -0.315789 -0.315789 -0.315789 -0.315789 -0.315789 -0.157895 -0.157895 -0.157895 
-0.315789 -0.315789 -0.315789 -0.315789 -0.421053 0.578947 0.578947 0.578947 0.578947 -0.210526 -0.210526 -0.210526 
-0.315789 -0.315789 -0.315789 -0.315789 0.578947 -0.421053 0.578947 0.578947 0.578947 -0.210526 -0.210526 -0.210526 
-0.315789 -0.315789 -0.315789 -0.315789 0.578947 0.578947 -0.421053 0.578947 0.578947 -0.210526 -0.210526 -0.210526 
-0.315789 -0.315789 -0.315789 -0.315789 0.578947 0.578947 0.578947 -0.421053 0.578947 -0.210526 -0.210526 -0.210526 
-0.315789 -0.315789 -0.315789 -0.315789 0.578947 0.578947 0.578947 0.578947 -0.421053 -0.210526 -0.210526 -0.210526 
-0.157895 -0.157895 -0.157895 -0.157895 -0.210526 -0.210526 -0.210526 -0.210526 -0.210526 -0.105263 0.894737 0.894737 
-0.157895 -0.157895 -0.157895 -0.157895 -0.210526 -0.210526 -0.210526 -0.210526 -0.210526 0.894737 -0.105263 0.894737 
-0.157895 -0.157895 -0.157895 -0.157895 -0.210526 -0.210526 -0.210526 -0.210526 -0.210526 0.894737 0.894737 -0.105263 